4294967278,12
4294967278,9
4294967279,12
4294967278,310
4294967279,438
4294967278,372
4294967278,123
4294967278,109
4294967278,102
4294967278,101
4294967278,99
4294967278,98
4294967278,96
4294967278,90
4294967279,125
4294967279,120
4294967279,114
4294967279,113
4294967279,104
4294967279,103
4294967279,100
4294967279,99
4294967279,98
4294967279,89
4294967279,77
4294967279,56
4294967279,434
4294967278,399
4294967278,398
4294967278,183
4294967279,416
4294967279,66
4294967279,414
4294967279,233
4294967294,1436
4294967279,398
86,2
4294967279,165
4294967279,464
4294967278,161
4294967279,162
4294967278,160
4294967279,161
4294967278,155
4294967279,296
4294967278,150
4294967279,397
4294967279,392
66,2
4294967278,148
4294967279,147
4294967279,294
4294967279,390
4294967278,138
4294967279,279
4294967279,137
4294967278,136
4294967278,135
4294967278,89
4294967278,87
4294967278,86
4294967278,84
4294967278,79
4294967278,78
4294967278,75
4294967278,74
4294967278,73
4294967278,71
4294967278,64
4294967278,63
4294967278,61
4294967278,58
4294967278,54
4294967278,53
4294967278,51
4294967278,50
4294967278,48
4294967278,42
4294967278,41
4294967278,40
4294967278,39
4294967278,37
4294967278,35
4294967278,32
4294967278,30
4294967278,29
4294967278,27
4294967278,21
4294967278,20
4294967278,19
4294967278,18
4294967278,14
4294967278,10
4294967278,7
4294967279,130
4294967279,63
4294967279,61
4294967279,59
4294967279,55
4294967279,52
4294967279,51
4294967279,48
4294967279,35
4294967279,31
4294967279,30
4294967279,27
4294967279,20
4294967279,10
4294967279,9
4294967279,4
4294967278,133
4294967279,272
4294967279,271
4294967278,282
4294967278,266
4294967278,280
4294967278,264
4294967279,463
4294967278,263
4294967278,278
4294967279,275
4294967278,322
4294967279,257
4294967278,321
4294967278,320
4294967279,385
4294967279,256
4294967279,319
4294967279,318
4294967278,250
4294967279,249
4294967279,248
4294967278,246
4294967278,245
4294967279,242
4294967279,240
4294967278,232
4294967278,230
4294967279,230
4294967279,229
4294967279,226
4294967278,222
4294967279,220
4294967279,218
4294967279,214
4294967278,212
4294967278,211
4294967279,212
4294967278,209
4294967279,422
4294967278,208
4294967279,209
4294967279,208
4294967279,440
4294967279,203
4294967279,202
86,6
86,5
4294967278,200
86,4
4294967278,199
4294967279,200
4294967279,199
4294967279,197
4294967279,311
4294967279,462
4294967278,190
4294967279,191
4294967278,189
4294967279,190
4294967278,131
4294967278,128
4294967278,126
4294967278,125
4294967278,124
4294967278,340
4294967278,122
4294967278,247
4294967278,119
4294967278,116
4294967278,260
4294967278,113
4294967278,112
4294967278,111
4294967278,231
4294967278,110
4294967278,227
4294967278,379
4294967278,315
4294967278,174
4294967278,88
4294967278,24
4294967278,17
4294967278,16
4294967278,15
4294967278,11
4294967278,6
4294967278,5
4294967279,132
4294967279,127
4294967279,126
4294967279,123
4294967279,122
4294967279,121
4294967279,247
4294967279,119
4294967279,117
4294967279,235
4294967279,112
4294967279,443
4294967279,111
4294967279,109
4294967279,102
4294967279,399
4294967279,101
4294967279,442
4294967279,78
4294967279,76
4294967279,65
4294967279,54
4294967279,41
4294967279,38
4294967279,28
4294967279,26
4294967279,19
4294967279,17
4294967279,16
4294967279,8
4294967279,7
4294967279,6
66,6
66,5
4294967279,188
66,4
4294967279,187
4294967278,185
4294967279,306
4294967278,184
30,6
30,5
30,4
4294967294,1424
4294967294,1427
4294967279,181
4294967278,178
4294967279,179
4294967278,177
4294967279,64
4294967279,304
4294967278,175
4294967279,176
4294967278,173
4294967278,172
4294967278,171
4294967279,167
4294967279,166
4294967278,164
4294967278,163
4294967278,157
4294967279,44
4294967279,154
4294967279,153
4294967279,394
4294967278,149
4294967278,397
76,2
4294967279,146
4294967279,144
4294967279,29
4294967278,325
4294967278,26
12,2
70,2
4294967279,461
17,2
2,2
70,6
70,5
70,4
76,6
76,5
76,4
12,7
12,6
12,5
12,4
36,4
36,5
15,4
4294967279,269
4294967278,13
4294967278,281
4294967279,268
4294967279,267
17,4
4294967294,1431
4294967294,1432
4294967278,279
4,2
4294967279,263
4294967279,262
4294967278,323
4294967279,426
4294967278,256
11,2
4294967278,319
11,4
11,5
4,4
4,5
4294967278,254
4294967294,1438
130,6
130,5
130,4
130,3
130,2
130,1
4294967278,339
4294967279,236
4294967279,231
4294967278,228
4294967278,226
4294967279,227
4294967278,220
4294967278,214
129,6
4294967278,218
129,5
129,4
4294967278,216
129,3
129,2
129,1
4294967279,216
4294967294,1430
4294967279,211
4294967278,205
4294967278,206
4294967294,1021
4294967278,132
4294967278,129
4294967278,121
4294967278,221
4294967278,371
4294967278,370
4294967278,369
4294967278,300
4294967278,365
4294967278,275
4294967278,287
4294967279,435
4294967279,83
4294967279,81
4294967279,433
4294967279,74
4294967279,72
4294967279,53
4294967279,50
4294967279,40
4294967279,393
4294967279,39
4294967279,295
4294967279,34
4294967279,288
4294967279,14
4294967279,11
4294967279,5
4294967278,201
4294967279,315
4294967279,460
4294967279,87
4294967279,86
4294967279,314
4294967278,312
4294967278,197
4294967294,1418
4294967294,1030
4294967294,987
4294967294,1429
4294967279,419
4294967278,311
4294967279,194
4294967278,186
4294967278,307
126,4
4294967279,183
126,3
126,2
126,1
4294967278,181
4294967294,472
4294967294,457
4294967279,459
4294967278,179
4294967279,180
4294967294,1428
4294967279,178
4294967279,175
4294967279,413
4294967294,1437
4294967279,410
4294967294,1425
4294967278,368
4294967278,168
4294967279,169
4294967279,431
4294967278,167
4294967279,168
4294967278,166
